20230220174208
20230220223845
20230220224042
20230220224226
20230315200034
20230315200421
20230315200951
20230315201133
20230316002224
20230316002658
20230316002817
20230316002942
20230316003305
20230316003728
20230327000706
20230327003524
20230327003710
20230327003942
20230504055528
20230504074407
20230504074947
20230529064428
20230529064500
20230529064709
20230529065440
20230529072114
20230529074759
20230529081024
20230529081951
20230529082138
20230529082843
20230529083546
20230529083554
20230529083608
20230529085638
20230529085902
20230529090535
20230529090850
20230529182224
20230529182657
20230529183103
20230529183437
20230529183853
20230529184138
20230529184510
